Date,Daily Cases, Total Cases ,Daily Deaths,Total Deaths,Daily Tests,Total Tests
1/26/20,1,1,,,,
3/1/20,,,,,,
3/2/20,,,,,2,2
3/3/20,1,2,,,2,4
3/4/20,,,,,11,15
3/5/20,,,,,8,23
3/6/20,1,3,,,21,44
3/7/20,2,5,,,4,48
3/8/20,,,,,8,56
3/9/20,1,6,,,44,100
3/10/20,,,,,47,147
3/11/20,2,8,,,103,250
3/12/20,,,,,315,565
3/13/20,2,10,,,424,989
3/14/20,1,11,,,222,1211
3/15/20,1,12,,,261,1472
3/16/20,5,17,,,961,2433
3/17/20,3,20,,,1300,3733
3/18/20,7,27,,,1367,5100
3/19/20,17,44,,,1561,6661
3/20/20,19,63,,,1761,8422
3/21/20,41,104,1,1,694,9116
3/22/20,48,152,1,2,603,9719
3/23/20,83,235,0,2,2314,12033
3/24/20,91,326,3,5,2367,14400
3/25/20,75,401,1,6,2501,16901
3/26/20,107,508,2,8,2189,19090
3/27/20,157,665,5,13,2169,21259
3/28/20,108,773,2,15,1073,22332
3/29/20,146,919,2,17,632,22964
3/30/20,238,1157,3,20,2132,25096
3/31/20,132,1289,4,24,2005,27101
4/1/20,124,1413,5,29,2043,29144
4/2/20,185,1598,3,32,2101,31245
4/3/20,171,1769,9,41,1957,33202
4/4/20,250,2019,9,52,930,34132
4/5/20,250,2269,12,64,704,34836
4/6/20,187,2456,1,65,2296,37132
4/7/20,119,2575,8,73,1822,38954
4/8/20,151,2726,7,80,1631,40585
4/9/20,292,3018,9,89,1819,42404
4/10/20,94,3112,8,97,1656,44060
4/11/20,281,3393,11,108,685,44745
4/12/20,146,3539,7,115,709,45454
4/13/20,163,3702,7,122,1932,47386
4/14/20,104,3806,9,131,1820,49206
4/15/20,156,3962,11,142,1858,51064
4/16/20,272,4234,8,150,1917,52981
4/17/20,273,4507,19,169,2087,55068
4/18/20,212,4719,8,177,767,55835
4/19/20,210,4929,7,184,744,56579
4/20/20,135,5064,3,187,2304,58883
4/21/20,187,5251,21,208,2084,60967
4/22/20,208,5459,21,229,2112,63079
4/23/20,310,5769,20,249,2233,65312
4/24/20,276,6045,17,266,2703,68015
4/25/20,235,6280,7,273,905,68920
4/26/20,246,6526,2,275,664,69584
4/27/20,190,6716,0,275,4064,73648
4/28/20,232,6948,18,293,5134,78782
4/29/20,254,7202,11,304,5987,84769
4/30/20,446,7648,16,320,6579,91348
5/1/20,314,7962,10,330,7798,99146
5/2/20,402,8364,18,348,5923,105069
5/3/20,276,8640,14,362,1568,106637
5/4/20,279,8919,0,362,8929,115566
5/5/20,386,9305,33,395,9022,124588
5/6/20,402,9707,31,426,9030,133618
5/7/20,238,9945,24,450,10438,144056
5/8/20,581,10526,67,517,11134,155190
5/9/20,434,10960,15,532,10764,165954
5/10/20,159,11119,4,536,2159,168113
5/11/20,261,11380,6,542,10804,178917
5/12/20,356,11736,20,562,10606,189523
5/13/20,440,12176,32,594,9973,199496
5/14/20,498,12674,30,624,9102,208598
5/15/20,495,13169,27,651,7783,216381
5/16/20,502,13671,28,679,3585,219966
5/17/20,266,13937,1,680,631,220597
5/18/20,233,14170,6,686,10,220607
5/19/20,386,14556,18,704,7828,228435
5/20/20,341,14897,43,747,6487,234922
5/21/20,418,15315,16,763,10318,245240
5/22/20,293,15608,12,775,8069,253309
5/23/20,431,16039,24,799,3654,256963
5/24/20,300,16339,1,800,682,257645
5/25/20,222,16561,6,806,15,257660
5/26/20,222,16783,1,807,4686,262346
5/27/20,479,17262,24,831,26,279550
5/28/20,501,17763,26,857,8055,287605
5/29/20,702,18465,28,885,9890,297495
5/30/20,790,19255,18,903,10220,307715
5/31/20,681,19936,5,908,19,307734
6/1/20,187,20123,9,917,3353,311087
6/2/20,1127,21250,24,941,14663,325750
6/3/20,973,22223,40,981,8455,334205
6/4/20,530,22753,15,996,5858,340063
6/5/20,1579,24332,16,1012,11285,351348
6/6/20,1119,25451,30,1042,4609,355957
6/7/20,1438,26889,2,1044,3530,359487
6/8/20,789,27678,3,1047,9305,368792
6/9/20,618,28296,23,1070,1173,369965
6/10/20,1556,29852,25,1095,17,369982
6/11/20,1412,31264,32,1127,12383,382365
6/12/20,1654,32918,17,1144,8428,390793
6/13/20,1540,34458,39,1183,2784,393577
6/14/20,1233,35691,3,1186,335,393912
6/15/20,1014,36705,8,1194,10,393922
6/16/20,2392,39097,25,1219,10184,404106
6/17/20,1827,40924,20,1239,12677,416783
6/18/20,2519,43443,32,1271,15703,432486
6/19/20,3246,46689,41,1312,15031,447517
6/20/20,3109,49798,26,1338,2867,450384
6/21/20,2592,52390,1,1339,718,451102
6/22/20,2196,54586,3,1342,21206,472308
6/23/20,3593,58179,42,1384,21206,493514
6/24/20,1795,59974,79,1463,1201,494715
6/25/20,3056,63030,27,1490,36,494751
6/26/20,3428,66458,45,1535,17807,512558